9336
5279
4308
4053
9159
7332
1410
102
3133
4966
6242
1287
9808
6264
9923
5402
5627
9879
7248
8919
2705
7166
4343
6244
7145
297
7114
3944
8445
3101
2569
7428
1741
8111
9361
2258
9249
9433
3937
5355
3668
9572
9888
9377
7980
4585
3882
752
8005
9523
5513
3974
8609
6128
1220
9667
2208
1021
5476
5338
8892
9875
6856
8023
5222
7975
6429
5723
9453
4099
8163
7039
1250
306
1875
668
4772
9393
1791
40
6839
5597
170
1068
6659
2456
5922
6591
3691
5479
678
6860
7742
4937
2263
2564
5260
2621
7009
2498
8598
1012
3560
7354
857
4235
7816
3735
6250
4181
6476
6082
8888
6946
1297
2940
1401
8682
3217
8213
6518
6426
4580
6257
3251
6454
6219
6338
7022
1960
1153
7185
5522
5870
7487
3649
4615
7946
5843
8755
3804
9321
1473
12
4354
8296
7684
4927
8505
4369
6319
4482
8018
2546
9837
6825
3750
9597
602
1765
7581
7139
2226
8331
6797
7799
5062
725
5563
8705
1825
1300
3407
5756
1940
2145
94
3319
3199
9204
8389
1339
4018
186
3402
9465
169
512
6309
9203
7998
7922
6589
4108
929
9454
5807
1504
7808
3114
7237
1641
3770
3056
4027
8962
5677
3046
4611
5325
2996
4381
915
2063
4247
2839
546
4112
3786
5810
6955
4400
8039
6516
3087
9603
9431
4449
820
7697
7118
2284
5671
2024
236
5742
5493
2439
9271
8843
7337
4924
2373
2077
7258
4185
9397
8498
6831
4773
8611
7091
5127
5776
5587
8010
3265
3624
1796
2106
6821
5502
5251
9741
9814
1419
3852
6945
2926
8231
7880
8701
5326
6881
9969
1428
543
1320
6316
4402
3551
5847
2222
346
1931
1547
798
885
7861
9097
7372
6277
9583
4335
2030
1651
8267
2021
1054
208
55
8011
1819
2415
6134
7573
5506
4736
2649
9509
2657
377
3803
2524
2326
5209
7034
6463
1558
2742
3927
229
2412
2141
2009
6671
5424
8816
6004
8185
5815
1446
9391
5431
4988
9961
8639
8603
7917
5296
8227
722
1007
1392
42
3567
8699
3058
4702
7072
3060
7652
2038
6352
8415
6592
9872
5883
3307
5367
3722
7266
6774
7513
9718
6585
4442
3255
5376
5473
9647
1044
8595
5825
4965
1992
9762
2873
8203
2980
9695
8790
8383
2563
5340
8373
4708
1454
8808
5947
432
4031
4686
4490
5443
2961
1593
8118
9273
5253
5542
283
1131
8518
6738
314
5981
2118
393
5348
951
7250
3699
5074
1724
1235
3714
262
803
4202
5236
6929
9190
39
1713
1631
1198
5271
8457
8029
9416
6936
2818
9427
6474
5258
1175
6989
7074
5276
2235
9478
7318
3011
7814
6661
4097
7839
2156
1942
5052
4146
7943
4085
9441
7103
2152
8224
8855
3677
4638
5297
8589
4619
544
2151
4244
3511
7925
5064
2481
8549
1311
7868
1812
631
5517
6265
2605
1
5470
391
8223
9113
5778
7021
969
6485
8292
7610
7869
3096
380
5403
8059
3211
3391
4654
4338
466
